ALPHA MO COEFFICIENTS                            NI= 0 NR= 1 NRI= 1 NTot=     169 N=    13    13     1     1     1 IType=0
             1             2             3             4             5
      1   9.832187D-01 -2.297808D-01  0.000000D+00  8.470669D-02  0.000000D+00
      2   9.583589D-02  2.180095D-01  0.000000D+00 -7.879681D-02  0.000000D+00
      3   2.773350D-03  6.463419D-02 -2.288352D-01  3.650598D-01  0.000000D+00
      4   0.000000D+00  0.000000D+00  0.000000D+00  0.000000D+00  5.204898D-01
      5   1.961055D-03  4.570327D-02  3.236219D-01  2.581362D-01  0.000000D+00
      6  -3.786341D-02  7.085057D-01  0.000000D+00 -3.896953D-01  0.000000D+00
      7  -5.153650D-03  7.241498D-02 -2.120658D-01  4.240737D-01  0.000000D+00
      8   0.000000D+00  0.000000D+00  0.000000D+00  0.000000D+00  6.328566D-01
      9  -3.644181D-03  5.120512D-02  2.999063D-01  2.998654D-01  0.000000D+00
     10   2.381452D-03  1.164040D-01  2.339071D-01  1.256375D-01  0.000000D+00
     11   6.979599D-03  1.992947D-02  1.780291D-01  1.039993D-01  0.000000D+00
     12   2.381452D-03  1.164040D-01 -2.339071D-01  1.256375D-01  0.000000D+00
     13   6.979599D-03  1.992947D-02 -1.780291D-01  1.039993D-01  0.000000D+00
             6             7             8             9            10
      1  -1.114585D-01  0.000000D+00  0.000000D+00  6.670696D-02  0.000000D+00
      2   3.630831D-02  0.000000D+00  0.000000D+00 -8.883209D-02  0.000000D+00
      3   1.658043D-01  1.741571D-01  1.185850D-01 -1.964050D-01  0.000000D+00
      4   0.000000D+00  0.000000D+00  0.000000D+00  0.000000D+00  1.029678D+00
      5   1.172413D-01 -2.462954D-01 -1.677046D-01 -1.388793D-01  0.000000D+00
      6   1.055413D+00  0.000000D+00  0.000000D+00 -1.121604D-01  0.000000D+00
      7   3.670648D-01  4.511885D-01  2.675048D-01 -2.428470D-01  0.000000D+00
      8   0.000000D+00  0.000000D+00  0.000000D+00  0.000000D+00 -9.646966D-01
      9   2.595540D-01 -6.380769D-01 -3.783089D-01 -1.717188D-01  0.000000D+00
     10  -5.312569D-02  3.011740D-02  9.736443D-01  9.786858D-01  0.000000D+00
     11  -8.660854D-01  1.164220D+00 -6.620865D-01 -4.935723D-01  0.000000D+00
     12  -5.312569D-02 -3.011740D-02 -9.736443D-01  9.786858D-01  0.000000D+00
     13  -8.660854D-01 -1.164220D+00  6.620865D-01 -4.935723D-01  0.000000D+00
            11            12            13
      1  -4.032829D-02  0.000000D+00  8.683933D-02
      2   1.166093D-01  0.000000D+00 -1.640791D+00
      3  -8.315659D-01  6.157408D-01 -1.199269D-01
      4   0.000000D+00  0.000000D+00  0.000000D+00
      5  -5.880059D-01 -8.707890D-01 -8.480110D-02
      6   1.677756D-01  0.000000D+00  1.978344D+00
      7   9.181891D-01 -8.257721D-01  3.660688D-01
      8   0.000000D+00  0.000000D+00  0.000000D+00
      9   6.492578D-01  1.167818D+00  2.588497D-01
     10  -2.220724D-01 -1.704618D-01 -2.580846D-01
     11  -9.903849D-02 -4.937525D-01 -3.660571D-01
     12  -2.220724D-01  1.704618D-01 -2.580846D-01
     13  -9.903849D-02  4.937525D-01 -3.660571D-01